1111001001010011100
1111001001010011101
1111001001010011110
1111001001010011111
1111001001010100000
1111001001010100001
1111001001010100010
1111001001010100011
1111001001010100100
1111001001010100101
1111001001010100110
1111001001010100111
1111001001010101000
1111001001010101001
1111001001010101010
1111001001010101011
1111001001010101100
1111001001010101101
1111001001010101110
1111001001010101111
1111001001010110000
1111001001010110001
1111001001010110010
1111001001010110011
1111001001010110100
1111001001010110101
1111001001010110110
1111001001010110111
1111001001010111000
1111001001010111001
1111001001010111010
1111001001010111011
1111001001010111100
1111001001010111101
1111001001010111110
1111001001010111111
1111001001011000000
1111001001011000001
1111001001011000010
1111001001011000011
1111001001011000100
1111001001011000101
1111001001011000110
1111001001011000111
1111001001011001000
1111001001011001001
1111001001011001010
1111001001011001011
1111001001011001100
1111001001011001101
1111001001011001110
1111001001011001111
1111001001011010000
1111001001011010001
1111001001011010010
1111001001011010011
1111001001011010100
1111001001011010101
1111001001011010110
1111001001011010111
1111001001011011000
1111001001011011001
1111001001011011010
1111001001011011011
1111001001011011100
1111001001011011101
1111001001011011110
1111001001011011111
1111001001011100000
1111001001011100001
1111001001011100010
1111001001011100011
1111001001011100100
1111001001011100101
1111001001011100110
1111001001011100111
1111001001011101000
1111001001011101001
1111001001011101010
1111001001011101011
1111001001011101100
1111001001011101101
1111001001011101110
1111001001011101111
1111001001011110000
1111001001011110001
1111001001011110010
1111001001011110011
1111001001011110100
1111001001011110101
1111001001011110110
1111001001011110111
1111001001011111000
1111001001011111001
1111001001011111010
1111001001011111011
1111001001011111100
1111001001011111101
1111001001011111110
1111001001011111111
1111001001100000000
1111001001100000001
1111001001100000010
1111001001100000011
1111001001100000100
1111001001100000101
1111001001100000110
1111001001100000111
1111001001100001000
1111001001100001001
1111001001100001010
1111001001100001011
1111001001100001100
1111001001100001101
1111001001100001110
1111001001100001111
1111001001100010000
1111001001100010001
1111001001100010010
1111001001100010011
1111001001100010100
1111001001100010101
1111001001100010110
1111001001100010111
1111001001100011000
1111001001100011001
1111001001100011010
1111001001100011011
1111001001100011100
1111001001100011101
1111001001100011110
1111001001100011111
1111001001100100000
1111001001100100001
1111001001100100010
1111001001100100011
1111001001100100100
1111001001100100101
1111001001100100110
1111001001100100111
1111001001100101000
1111001001100101001
1111001001100101010
1111001001100101011
1111001001100101100
1111001001100101101
1111001001100101110
1111001001100101111
1111001001100110000
1111001001100110001
1111001001100110010
1111001001100110011
1111001001100110100
1111001001100110101
1111001001100110110
1111001001100110111
1111001001100111000
1111001001100111001
1111001001100111010
1111001001100111011
1111001001100111100
1111001001100111101
1111001001100111110
1111001001100111111
1111001001101000000
1111001001101000001
1111001001101000010
1111001001101000011
1111001001101000100
1111001001101000101
1111001001101000110
1111001001101000111
1111001001101001000
1111001001101001001
1111001001101001010
1111001001101001011
1111001001101001100
1111001001101001101
1111001001101001110
1111001001101001111
1111001001101010000
1111001001101010001
1111001001101010010
1111001001101010011
1111001001101010100
1111001001101010101
1111001001101010110
1111001001101010111
1111001001101011000
1111001001101011001
1111001001101011010
1111001001101011011
1111001001101011100
1111001001101011101
1111001001101011110
1111001001101011111
1111001001101100000
1111001001101100001
1111001001101100010
1111001001101100011
1111001001101100100
1111001001101100101
1111001001101100110
1111001001101100111
1111001001101101000
1111001001101101001
1111001001101101010
1111001001101101011
1111001001101101100
1111001001101101101
1111001001101101110
1111001001101101111
1111001001101110000
1111001001101110001
1111001001101110010
1111001001101110011
1111001001101110100
1111001001101110101
1111001001101110110
1111001001101110111
1111001001101111000
1111001001101111001
1111001001101111010
1111001001101111011
1111001001101111100
1111001001101111101
1111001001101111110
1111001001101111111
1111001001110000000
1111001001110000001
1111001001110000010
1111001001110000011
1111001001110000100
1111001001110000101
1111001001110000110
1111001001110000111
1111001001110001000
1111001001110001001
1111001001110001010
1111001001110001011
1111001001110001100
1111001001110001101
1111001001110001110
1111001001110001111
1111001001110010000
1111001001110010001
1111001001110010010
1111001001110010011
1111001001110010100
1111001001110010101
1111001001110010110
1111001001110010111
1111001001110011000
1111001001110011001
1111001001110011010
1111001001110011011
1111001001110011100
1111001001110011101
1111001001110011110
1111001001110011111
1111001001110100000
1111001001110100001
1111001001110100010
1111001001110100011
1111001001110100100
1111001001110100101
1111001001110100110
1111001001110100111
1111001001110101000
1111001001110101001
1111001001110101010
1111001001110101011
1111001001110101100
1111001001110101101
1111001001110101110
1111001001110101111
1111001001110110000
1111001001110110001
1111001001110110010
1111001001110110011
1111001001110110100
1111001001110110101
1111001001110110110
1111001001110110111
1111001001110111000
1111001001110111001
1111001001110111010
1111001001110111011
1111001001110111100
1111001001110111101
1111001001110111110
1111001001110111111
1111001001111000000
1111001001111000001
1111001001111000010
1111001001111000011
1111001001111000100
1111001001111000101
1111001001111000110
1111001001111000111
1111001001111001000
1111001001111001001
1111001001111001010
1111001001111001011
1111001001111001100
1111001001111001101
1111001001111001110
1111001001111001111
1111001001111010000
1111001001111010001
1111001001111010010
1111001001111010011
1111001001111010100
1111001001111010101
1111001001111010110
1111001001111010111
1111001001111011000
1111001001111011001
1111001001111011010
1111001001111011011
1111001001111011100
1111001001111011101
1111001001111011110
1111001001111011111
1111001001111100000
1111001001111100001
1111001001111100010
1111001001111100011
1111001001111100100
1111001001111100101
1111001001111100110
1111001001111100111
1111001001111101000
1111001001111101001
1111001001111101010
1111001001111101011
1111001001111101100
1111001001111101101
1111001001111101110
1111001001111101111
1111001001111110000
1111001001111110001
1111001001111110010
1111001001111110011
1111001001111110100
1111001001111110101
1111001001111110110
1111001001111110111
1111001001111111000
1111001001111111001
1111001001111111010
1111001001111111011
1111001001111111100
1111001001111111101
1111001001111111110
1111001001111111111
1111001010000000000
1111001010000000001
1111001010000000010
1111001010000000011
1111001010000000100
1111001010000000101
1111001010000000110
1111001010000000111
1111001010000001000
1111001010000001001
1111001010000001010
1111001010000001011
1111001010000001100
1111001010000001101
1111001010000001110
1111001010000001111
1111001010000010000
1111001010000010001
1111001010000010010
1111001010000010011
1111001010000010100
1111001010000010101
1111001010000010110
1111001010000010111
1111001010000011000
1111001010000011001
1111001010000011010
1111001010000011011
1111001010000011100
1111001010000011101
1111001010000011110
1111001010000011111
1111001010000100000
1111001010000100001
1111001010000100010
1111001010000100011
1111001010000100100
1111001010000100101
1111001010000100110
1111001010000100111
1111001010000101000
1111001010000101001
1111001010000101010
1111001010000101011
1111001010000101100
1111001010000101101
1111001010000101110
1111001010000101111
1111001010000110000
1111001010000110001
1111001010000110010
1111001010000110011
1111001010000110100
1111001010000110101
1111001010000110110
1111001010000110111
1111001010000111000
1111001010000111001
1111001010000111010
1111001010000111011
1111001010000111100
1111001010000111101
1111001010000111110
1111001010000111111
1111001010001000000
1111001010001000001
1111001010001000010
1111001010001000011
1111001010001000100
1111001010001000101
1111001010001000110
1111001010001000111
1111001010001001000
1111001010001001001
1111001010001001010
1111001010001001011
1111001010001001100
1111001010001001101
1111001010001001110
1111001010001001111
1111001010001010000
1111001010001010001
1111001010001010010
1111001010001010011
1111001010001010100
1111001010001010101
1111001010001010110
1111001010001010111
1111001010001011000
1111001010001011001
1111001010001011010
1111001010001011011
1111001010001011100
1111001010001011101
1111001010001011110
1111001010001011111
1111001010001100000
1111001010001100001
1111001010001100010
1111001010001100011
1111001010001100100
1111001010001100101
1111001010001100110
1111001010001100111
1111001010001101000
1111001010001101001
1111001010001101010
1111001010001101011
1111001010001101100
1111001010001101101
1111001010001101110
1111001010001101111
1111001010001110000
1111001010001110001
1111001010001110010
1111001010001110011
1111001010001110100
1111001010001110101
1111001010001110110
1111001010001110111
1111001010001111000
1111001010001111001
1111001010001111010
1111001010001111011
1111001010001111100
1111001010001111101
1111001010001111110
1111001010001111111
1111001010010000000
1111001010010000001
1111001010010000010
1111001010010000011
1111001010010000100
1111001010010000101
1111001010010000110
1111001010010000111
1111001010010001000
1111001010010001001
1111001010010001010
1111001010010001011
1111001010010001100
1111001010010001101
1111001010010001110
1111001010010001111
1111001010010010000
1111001010010010001
1111001010010010010
1111001010010010011
1111001010010010100
1111001010010010101
1111001010010010110
1111001010010010111
1111001010010011000
1111001010010011001
1111001010010011010
1111001010010011011
1111001010010011100
1111001010010011101
1111001010010011110
1111001010010011111
1111001010010100000
1111001010010100001
1111001010010100010
1111001010010100011
1111001010010100100
1111001010010100101
1111001010010100110
1111001010010100111
1111001010010101000
1111001010010101001
1111001010010101010
1111001010010101011
1111001010010101100
1111001010010101101
1111001010010101110
1111001010010101111
1111001010010110000
1111001010010110001
1111001010010110010
1111001010010110011
1111001010010110100
1111001010010110101
1111001010010110110
1111001010010110111
1111001010010111000
1111001010010111001
1111001010010111010
1111001010010111011
1111001010010111100
1111001010010111101
1111001010010111110
1111001010010111111
1111001010011000000
1111001010011000001
1111001010011000010
1111001010011000011
1111001010011000100
1111001010011000101
1111001010011000110
1111001010011000111
1111001010011001000
1111001010011001001
1111001010011001010
1111001010011001011
1111001010011001100
1111001010011001101
1111001010011001110
1111001010011001111
1111001010011010000
1111001010011010001
1111001010011010010
1111001010011010011
1111001010011010100
1111001010011010101
1111001010011010110
1111001010011010111
1111001010011011000
1111001010011011001
1111001010011011010
1111001010011011011
1111001010011011100
1111001010011011101
1111001010011011110
1111001010011011111
1111001010011100000
1111001010011100001
1111001010011100010
1111001010011100011
1111001010011100100
1111001010011100101
1111001010011100110
1111001010011100111
1111001010011101000
1111001010011101001
1111001010011101010
1111001010011101011
1111001010011101100
1111001010011101101
1111001010011101110
1111001010011101111
1111001010011110000
1111001010011110001
1111001010011110010
1111001010011110011
1111001010011110100
1111001010011110101
1111001010011110110
1111001010011110111
1111001010011111000
1111001010011111001
1111001010011111010
1111001010011111011
1111001010011111100
1111001010011111101
1111001010011111110
1111001010011111111
1111001010100000000
1111001010100000001
1111001010100000010
1111001010100000011
1111001010100000100
1111001010100000101
1111001010100000110
1111001010100000111
1111001010100001000
1111001010100001001
1111001010100001010
1111001010100001011
1111001010100001100
1111001010100001101
1111001010100001110
1111001010100001111
1111001010100010000
1111001010100010001
1111001010100010010
1111001010100010011
1111001010100010100
1111001010100010101
1111001010100010110
1111001010100010111
1111001010100011000
1111001010100011001
1111001010100011010
1111001010100011011
1111001010100011100
1111001010100011101
1111001010100011110
1111001010100011111
1111001010100100000
1111001010100100001
1111001010100100010
1111001010100100011
1111001010100100100
1111001010100100101
1111001010100100110
1111001010100100111
1111001010100101000
1111001010100101001
1111001010100101010
1111001010100101011
1111001010100101100
1111001010100101101
1111001010100101110
1111001010100101111
1111001010100110000
1111001010100110001
1111001010100110010
1111001010100110011
1111001010100110100
1111001010100110101
1111001010100110110
1111001010100110111
1111001010100111000
1111001010100111001
1111001010100111010
1111001010100111011
1111001010100111100
1111001010100111101
1111001010100111110
1111001010100111111
1111001010101000000
1111001010101000001
1111001010101000010
1111001010101000011
1111001010101000100
1111001010101000101
1111001010101000110
1111001010101000111
1111001010101001000
1111001010101001001
1111001010101001010
1111001010101001011
1111001010101001100
1111001010101001101
1111001010101001110
1111001010101001111
1111001010101010000
1111001010101010001
1111001010101010010
1111001010101010011
1111001010101010100
1111001010101010101
1111001010101010110
1111001010101010111
1111001010101011000
1111001010101011001
1111001010101011010
1111001010101011011
1111001010101011100
1111001010101011101
1111001010101011110
1111001010101011111
1111001010101100000
1111001010101100001
1111001010101100010
1111001010101100011
1111001010101100100
1111001010101100101
1111001010101100110
1111001010101100111
1111001010101101000
1111001010101101001
1111001010101101010
1111001010101101011
1111001010101101100
1111001010101101101
1111001010101101110
1111001010101101111
1111001010101110000
1111001010101110001
1111001010101110010
1111001010101110011
1111001010101110100
1111001010101110101
1111001010101110110
1111001010101110111
1111001010101111000
1111001010101111001
1111001010101111010
1111001010101111011
1111001010101111100
1111001010101111101
1111001010101111110
1111001010101111111
1111001010110000000
1111001010110000001
1111001010110000010
1111001010110000011
1111001010110000100
1111001010110000101
1111001010110000110
1111001010110000111
1111001010110001000
1111001010110001001
1111001010110001010
1111001010110001011
1111001010110001100
1111001010110001101
1111001010110001110
1111001010110001111
1111001010110010000
1111001010110010001
1111001010110010010
1111001010110010011
1111001010110010100
1111001010110010101
1111001010110010110
1111001010110010111
1111001010110011000
1111001010110011001
1111001010110011010
1111001010110011011
1111001010110011100
1111001010110011101
1111001010110011110
1111001010110011111
1111001010110100000
1111001010110100001
1111001010110100010
1111001010110100011
1111001010110100100
1111001010110100101
1111001010110100110
1111001010110100111
1111001010110101000
1111001010110101001
1111001010110101010
1111001010110101011
1111001010110101100
1111001010110101101
1111001010110101110
1111001010110101111
1111001010110110000
1111001010110110001
1111001010110110010
1111001010110110011
1111001010110110100
1111001010110110101
1111001010110110110
1111001010110110111
1111001010110111000
1111001010110111001
1111001010110111010
1111001010110111011
1111001010110111100
1111001010110111101
1111001010110111110
1111001010110111111
1111001010111000000
1111001010111000001
1111001010111000010
1111001010111000011
1111001010111000100
1111001010111000101
1111001010111000110
1111001010111000111
1111001010111001000
1111001010111001001
1111001010111001010
1111001010111001011
1111001010111001100
1111001010111001101
1111001010111001110
1111001010111001111
1111001010111010000
1111001010111010001
1111001010111010010
1111001010111010011
1111001010111010100
1111001010111010101
1111001010111010110
1111001010111010111
1111001010111011000
1111001010111011001
1111001010111011010
1111001010111011011
1111001010111011100
1111001010111011101
1111001010111011110
1111001010111011111
1111001010111100000
1111001010111100001
1111001010111100010
1111001010111100011
1111001010111100100
1111001010111100101
1111001010111100110
1111001010111100111
1111001010111101000
1111001010111101001
1111001010111101010
1111001010111101011
1111001010111101100
1111001010111101101
1111001010111101110
1111001010111101111
1111001010111110000
1111001010111110001
1111001010111110010
1111001010111110011
1111001010111110100
1111001010111110101
1111001010111110110
1111001010111110111
1111001010111111000
1111001010111111001
1111001010111111010
1111001010111111011
1111001010111111100
1111001010111111101
1111001010111111110
1111001010111111111
1111001011000000000
1111001011000000001
1111001011000000010
1111001011000000011
1111001011000000100
1111001011000000101
1111001011000000110
1111001011000000111
1111001011000001000
1111001011000001001
1111001011000001010
1111001011000001011
1111001011000001100
1111001011000001101
1111001011000001110
1111001011000001111
1111001011000010000
1111001011000010001
1111001011000010010
1111001011000010011
1111001011000010100
1111001011000010101
1111001011000010110
1111001011000010111
1111001011000011000
1111001011000011001
1111001011000011010
1111001011000011011
1111001011000011100
1111001011000011101
1111001011000011110
1111001011000011111
1111001011000100000
1111001011000100001
1111001011000100010
1111001011000100011
1111001011000100100
1111001011000100101
1111001011000100110
1111001011000100111
1111001011000101000
1111001011000101001
1111001011000101010
1111001011000101011
1111001011000101100
1111001011000101101
1111001011000101110
1111001011000101111
1111001011000110000
1111001011000110001
1111001011000110010
1111001011000110011
1111001011000110100
1111001011000110101
1111001011000110110
1111001011000110111
1111001011000111000
1111001011000111001
1111001011000111010
1111001011000111011
1111001011000111100
1111001011000111101
1111001011000111110
1111001011000111111
1111001011001000000
1111001011001000001
1111001011001000010
1111001011001000011
1111001011001000100
1111001011001000101
1111001011001000110
1111001011001000111
1111001011001001000
1111001011001001001
1111001011001001010
1111001011001001011
1111001011001001100
1111001011001001101
1111001011001001110
1111001011001001111
1111001011001010000
1111001011001010001
1111001011001010010
1111001011001010011
1111001011001010100
1111001011001010101
1111001011001010110
1111001011001010111
1111001011001011000
1111001011001011001
1111001011001011010
1111001011001011011
1111001011001011100
1111001011001011101
1111001011001011110
1111001011001011111
1111001011001100000
1111001011001100001
1111001011001100010
1111001011001100011
1111001011001100100
1111001011001100101
1111001011001100110
1111001011001100111
1111001011001101000
1111001011001101001
1111001011001101010
1111001011001101011
1111001011001101100
1111001011001101101
1111001011001101110
1111001011001101111
1111001011001110000
1111001011001110001
1111001011001110010
1111001011001110011
1111001011001110100
1111001011001110101
1111001011001110110
1111001011001110111
1111001011001111000
1111001011001111001
1111001011001111010
1111001011001111011
1111001011001111100
1111001011001111101
1111001011001111110
1111001011001111111
1111001011010000000
1111001011010000001
1111001011010000010
1111001011010000011
1111001011010000100
1111001011010000101
1111001011010000110
1111001011010000111
1111001011010001000
1111001011010001001
1111001011010001010
1111001011010001011
1111001011010001100
1111001011010001101
1111001011010001110
1111001011010001111
1111001011010010000
1111001011010010001
1111001011010010010
1111001011010010011
1111001011010010100
1111001011010010101
1111001011010010110
1111001011010010111
1111001011010011000
1111001011010011001
1111001011010011010
1111001011010011011
1111001011010011100
1111001011010011101
1111001011010011110
1111001011010011111
1111001011010100000
1111001011010100001
1111001011010100010
1111001011010100011
1111001011010100100
1111001011010100101
1111001011010100110
1111001011010100111
1111001011010101000
1111001011010101001
1111001011010101010
1111001011010101011
1111001011010101100
1111001011010101101
1111001011010101110
1111001011010101111
1111001011010110000
1111001011010110001
1111001011010110010
1111001011010110011
1111001011010110100
1111001011010110101
1111001011010110110
1111001011010110111
1111001011010111000
1111001011010111001
1111001011010111010
1111001011010111011
1111001011010111100
1111001011010111101
1111001011010111110
1111001011010111111
1111001011011000000
1111001011011000001
1111001011011000010
1111001011011000011
1111001011011000100
1111001011011000101
1111001011011000110
1111001011011000111
1111001011011001000
1111001011011001001
1111001011011001010
1111001011011001011
1111001011011001100
1111001011011001101
1111001011011001110
1111001011011001111
1111001011011010000
1111001011011010001
1111001011011010010
1111001011011010011
1111001011011010100
1111001011011010101
1111001011011010110
1111001011011010111
1111001011011011000
1111001011011011001
1111001011011011010
1111001011011011011
1111001011011011100
1111001011011011101
1111001011011011110
1111001011011011111
1111001011011100000
1111001011011100001
1111001011011100010
1111001011011100011
1111001011011100100
1111001011011100101
1111001011011100110
1111001011011100111
1111001011011101000
1111001011011101001
1111001011011101010
1111001011011101011
1111001011011101100
1111001011011101101
1111001011011101110
1111001011011101111
1111001011011110000
1111001011011110001
1111001011011110010
1111001011011110011
1111001011011110100
1111001011011110101
1111001011011110110
1111001011011110111
1111001011011111000
1111001011011111001
1111001011011111010
1111001011011111011
1111001011011111100
1111001011011111101
1111001011011111110
1111001011011111111
1111001011100000000
1111001011100000001
1111001011100000010
1111001011100000011
1111001011100000100
1111001011100000101
1111001011100000110
1111001011100000111
1111001011100001000
1111001011100001001
1111001011100001010
1111001011100001011
1111001011100001100
1111001011100001101
1111001011100001110
1111001011100001111
1111001011100010000
1111001011100010001
1111001011100010010
1111001011100010011
1111001011100010100
1111001011100010101
1111001011100010110
1111001011100010111
1111001011100011000
1111001011100011001
1111001011100011010
1111001011100011011
1111001011100011100
1111001011100011101
1111001011100011110
1111001011100011111
1111001011100100000
1111001011100100001
1111001011100100010
1111001011100100011
1111001011100100100
1111001011100100101
1111001011100100110
1111001011100100111
1111001011100101000
1111001011100101001
1111001011100101010
1111001011100101011
1111001011100101100
1111001011100101101
1111001011100101110
1111001011100101111
1111001011100110000
1111001011100110001
1111001011100110010
1111001011100110011
1111001011100110100
1111001011100110101
1111001011100110110
1111001011100110111
1111001011100111000
1111001011100111001
1111001011100111010
1111001011100111011
1111001011100111100
1111001011100111101
1111001011100111110
1111001011100111111
1111001011101000000
1111001011101000001
1111001011101000010
1111001011101000011
1111001011101000100
1111001011101000101
1111001011101000110
1111001011101000111
1111001011101001000
1111001011101001001
1111001011101001010
1111001011101001011
1111001011101001100
1111001011101001101
1111001011101001110
1111001011101001111
1111001011101010000
1111001011101010001
1111001011101010010
1111001011101010011
1111001011101010100
1111001011101010101
1111001011101010110
1111001011101010111
1111001011101011000
1111001011101011001
1111001011101011010
1111001011101011011
1111001011101011100
1111001011101011101
1111001011101011110
1111001011101011111
1111001011101100000
1111001011101100001
1111001011101100010
1111001011101100011
1111001011101100100
1111001011101100101
1111001011101100110
1111001011101100111
1111001011101101000
1111001011101101001
1111001011101101010
1111001011101101011
1111001011101101100
1111001011101101101
1111001011101101110
1111001011101101111
1111001011101110000
1111001011101110001
1111001011101110010
1111001011101110011
1111001011101110100
1111001011101110101
1111001011101110110
1111001011101110111
1111001011101111000
1111001011101111001
1111001011101111010
1111001011101111011
1111001011101111100
1111001011101111101
1111001011101111110
1111001011101111111
1111001011110000000
1111001011110000001
1111001011110000010
1111001011110000011
1111001011110000100
1111001011110000101
1111001011110000110
1111001011110000111
1111001011110001000
1111001011110001001
1111001011110001010
1111001011110001011
1111001011110001100
1111001011110001101
1111001011110001110
1111001011110001111
1111001011110010000
1111001011110010001
1111001011110010010
1111001011110010011
1111001011110010100
1111001011110010101
1111001011110010110
1111001011110010111
1111001011110011000
1111001011110011001
1111001011110011010
1111001011110011011
1111001011110011100
1111001011110011101
1111001011110011110
1111001011110011111
1111001011110100000
1111001011110100001
1111001011110100010
1111001011110100011
1111001011110100100
1111001011110100101
1111001011110100110
1111001011110100111
1111001011110101000
1111001011110101001
1111001011110101010
1111001011110101011
1111001011110101100
1111001011110101101
1111001011110101110
1111001011110101111
1111001011110110000
1111001011110110001
1111001011110110010
1111001011110110011
1111001011110110100
1111001011110110101
1111001011110110110
1111001011110110111
1111001011110111000
1111001011110111001
1111001011110111010
1111001011110111011
1111001011110111100
1111001011110111101
1111001011110111110
1111001011110111111
1111001011111000000
1111001011111000001
1111001011111000010
1111001011111000011
1111001011111000100
1111001011111000101
1111001011111000110
1111001011111000111
1111001011111001000
1111001011111001001
1111001011111001010
1111001011111001011
1111001011111001100
1111001011111001101
1111001011111001110
1111001011111001111
1111001011111010000
1111001011111010001
1111001011111010010
1111001011111010011
1111001011111010100
1111001011111010101
1111001011111010110
1111001011111010111
1111001011111011000
1111001011111011001
1111001011111011010
1111001011111011011
1111001011111011100
1111001011111011101
1111001011111011110
1111001011111011111
1111001011111100000
1111001011111100001
1111001011111100010
1111001011111100011
1111001011111100100
1111001011111100101
1111001011111100110
1111001011111100111
1111001011111101000
1111001011111101001
1111001011111101010
1111001011111101011
1111001011111101100
1111001011111101101
1111001011111101110
1111001011111101111
1111001011111110000
1111001011111110001
1111001011111110010
1111001011111110011
1111001011111110100
1111001011111110101
1111001011111110110
1111001011111110111
1111001011111111000
1111001011111111001
1111001011111111010
1111001011111111011
1111001011111111100
1111001011111111101
1111001011111111110
1111001011111111111
1111001100000000000
1111001100000000001
1111001100000000010
1111001100000000011
1111001100000000100
1111001100000000101
1111001100000000110
1111001100000000111
1111001100000001000
1111001100000001001
1111001100000001010
1111001100000001011
1111001100000001100
1111001100000001101
1111001100000001110
1111001100000001111
1111001100000010000
1111001100000010001
1111001100000010010
1111001100000010011
1111001100000010100
1111001100000010101
1111001100000010110
1111001100000010111
1111001100000011000
1111001100000011001
1111001100000011010
1111001100000011011
1111001100000011100
1111001100000011101
1111001100000011110
1111001100000011111
1111001100000100000
1111001100000100001
1111001100000100010
1111001100000100011
1111001100000100100
1111001100000100101
1111001100000100110
1111001100000100111
1111001100000101000
1111001100000101001
1111001100000101010
1111001100000101011
1111001100000101100
1111001100000101101
1111001100000101110
1111001100000101111
1111001100000110000
1111001100000110001
1111001100000110010
1111001100000110011
1111001100000110100
1111001100000110101
1111001100000110110
1111001100000110111
1111001100000111000
1111001100000111001
1111001100000111010
1111001100000111011
1111001100000111100
1111001100000111101
1111001100000111110
1111001100000111111
1111001100001000000
1111001100001000001
1111001100001000010
1111001100001000011
1111001100001000100
1111001100001000101
1111001100001000110
1111001100001000111
1111001100001001000
1111001100001001001
1111001100001001010
1111001100001001011
1111001100001001100
1111001100001001101
1111001100001001110
1111001100001001111
1111001100001010000
1111001100001010001
1111001100001010010
1111001100001010011
1111001100001010100
1111001100001010101
1111001100001010110
1111001100001010111
1111001100001011000
1111001100001011001
1111001100001011010
1111001100001011011
1111001100001011100
1111001100001011101
1111001100001011110
1111001100001011111
1111001100001100000
1111001100001100001
1111001100001100010
1111001100001100011
1111001100001100100
1111001100001100101
1111001100001100110
1111001100001100111
1111001100001101000
1111001100001101001
1111001100001101010
1111001100001101011
1111001100001101100
1111001100001101101
1111001100001101110
1111001100001101111
1111001100001110000
1111001100001110001
1111001100001110010
1111001100001110011
1111001100001110100
1111001100001110101
1111001100001110110
1111001100001110111
1111001100001111000
1111001100001111001
1111001100001111010
1111001100001111011
1111001100001111100
1111001100001111101
1111001100001111110
1111001100001111111
1111001100010000000
1111001100010000001
1111001100010000010
1111001100010000011
1111001100010000100
1111001100010000101
1111001100010000110
1111001100010000111
1111001100010001000
1111001100010001001
1111001100010001010
1111001100010001011
1111001100010001100
1111001100010001101
1111001100010001110
1111001100010001111
1111001100010010000
1111001100010010001
1111001100010010010
1111001100010010011
1111001100010010100
1111001100010010101
1111001100010010110
1111001100010010111
1111001100010011000
1111001100010011001
1111001100010011010
1111001100010011011
1111001100010011100
1111001100010011101
1111001100010011110
1111001100010011111
1111001100010100000
1111001100010100001
1111001100010100010
1111001100010100011
1111001100010100100
1111001100010100101
1111001100010100110
1111001100010100111
1111001100010101000
1111001100010101001
1111001100010101010
1111001100010101011
1111001100010101100
1111001100010101101
1111001100010101110
1111001100010101111
1111001100010110000
1111001100010110001
1111001100010110010
1111001100010110011
1111001100010110100
1111001100010110101
1111001100010110110
1111001100010110111
1111001100010111000
1111001100010111001
1111001100010111010
1111001100010111011
1111001100010111100
1111001100010111101
1111001100010111110
1111001100010111111
1111001100011000000
1111001100011000001
1111001100011000010
1111001100011000011
1111001100011000100
1111001100011000101
1111001100011000110
1111001100011000111
1111001100011001000
1111001100011001001
1111001100011001010
1111001100011001011
1111001100011001100
1111001100011001101
1111001100011001110
1111001100011001111
1111001100011010000
1111001100011010001
1111001100011010010
1111001100011010011
1111001100011010100
1111001100011010101
1111001100011010110
1111001100011010111
1111001100011011000
1111001100011011001
1111001100011011010
1111001100011011011
1111001100011011100
1111001100011011101
1111001100011011110
1111001100011011111
1111001100011100000
1111001100011100001
1111001100011100010
1111001100011100011
1111001100011100100
1111001100011100101
1111001100011100110
1111001100011100111
1111001100011101000
1111001100011101001
1111001100011101010
1111001100011101011
1111001100011101100
1111001100011101101
1111001100011101110
1111001100011101111
1111001100011110000
1111001100011110001
1111001100011110010
1111001100011110011
1111001100011110100
1111001100011110101
1111001100011110110
1111001100011110111
1111001100011111000
1111001100011111001
1111001100011111010
1111001100011111011
1111001100011111100
1111001100011111101
1111001100011111110
1111001100011111111
1111001100100000000
1111001100100000001
1111001100100000010
1111001100100000011
1111001100100000100
1111001100100000101
1111001100100000110
1111001100100000111
1111001100100001000
1111001100100001001
1111001100100001010
1111001100100001011
1111001100100001100
1111001100100001101
1111001100100001110
1111001100100001111
1111001100100010000
1111001100100010001
1111001100100010010
1111001100100010011
1111001100100010100
1111001100100010101
1111001100100010110
1111001100100010111
1111001100100011000
1111001100100011001
1111001100100011010
1111001100100011011
1111001100100011100
1111001100100011101
1111001100100011110
1111001100100011111
1111001100100100000
1111001100100100001
1111001100100100010
1111001100100100011
1111001100100100100
1111001100100100101
1111001100100100110
1111001100100100111
1111001100100101000
1111001100100101001
1111001100100101010
1111001100100101011
1111001100100101100
1111001100100101101
1111001100100101110
1111001100100101111
1111001100100110000
1111001100100110001
1111001100100110010
1111001100100110011
1111001100100110100
1111001100100110101
1111001100100110110
1111001100100110111
1111001100100111000
1111001100100111001
1111001100100111010
1111001100100111011
1111001100100111100
1111001100100111101
1111001100100111110
1111001100100111111
1111001100101000000
1111001100101000001
1111001100101000010
1111001100101000011
1111001100101000100
1111001100101000101
1111001100101000110
1111001100101000111
1111001100101001000
1111001100101001001
1111001100101001010
1111001100101001011
1111001100101001100
1111001100101001101
1111001100101001110
1111001100101001111
1111001100101010000
1111001100101010001
1111001100101010010
1111001100101010011
1111001100101010100
1111001100101010101
1111001100101010110
1111001100101010111
1111001100101011000
1111001100101011001
1111001100101011010
1111001100101011011
1111001100101011100
1111001100101011101
1111001100101011110
1111001100101011111
1111001100101100000
1111001100101100001
1111001100101100010
1111001100101100011
1111001100101100100
1111001100101100101
1111001100101100110
1111001100101100111
1111001100101101000
1111001100101101001
1111001100101101010
1111001100101101011
1111001100101101100
1111001100101101101
1111001100101101110
1111001100101101111
1111001100101110000
1111001100101110001
1111001100101110010
1111001100101110011
1111001100101110100
1111001100101110101
1111001100101110110
1111001100101110111
1111001100101111000
1111001100101111001
1111001100101111010
1111001100101111011
1111001100101111100
1111001100101111101
1111001100101111110
1111001100101111111
1111001100110000000
1111001100110000001
1111001100110000010
1111001100110000011
1111001100110000100
1111001100110000101
1111001100110000110
1111001100110000111
1111001100110001000
1111001100110001001
1111001100110001010
1111001100110001011
1111001100110001100
1111001100110001101
1111001100110001110
1111001100110001111
1111001100110010000
1111001100110010001
1111001100110010010
1111001100110010011
1111001100110010100
1111001100110010101
1111001100110010110
1111001100110010111
1111001100110011000
1111001100110011001
1111001100110011010
1111001100110011011
1111001100110011100
1111001100110011101
1111001100110011110
1111001100110011111
1111001100110100000
1111001100110100001
1111001100110100010
1111001100110100011
1111001100110100100
1111001100110100101
1111001100110100110
1111001100110100111
1111001100110101000
1111001100110101001
1111001100110101010
1111001100110101011
1111001100110101100
1111001100110101101
1111001100110101110
1111001100110101111
1111001100110110000
1111001100110110001
1111001100110110010
1111001100110110011
1111001100110110100
1111001100110110101
1111001100110110110
1111001100110110111
1111001100110111000
1111001100110111001
1111001100110111010
1111001100110111011
1111001100110111100
1111001100110111101
1111001100110111110
1111001100110111111
1111001100111000000
1111001100111000001
1111001100111000010
1111001100111000011
1111001100111000100
1111001100111000101
1111001100111000110
1111001100111000111
1111001100111001000
1111001100111001001
1111001100111001010
1111001100111001011
1111001100111001100
1111001100111001101
1111001100111001110
1111001100111001111
1111001100111010000
1111001100111010001
1111001100111010010
1111001100111010011
1111001100111010100
1111001100111010101
1111001100111010110
1111001100111010111
1111001100111011000
1111001100111011001
1111001100111011010
1111001100111011011
1111001100111011100
1111001100111011101
1111001100111011110
1111001100111011111
1111001100111100000
1111001100111100001
1111001100111100010
1111001100111100011
1111001100111100100
1111001100111100101
1111001100111100110
1111001100111100111
1111001100111101000
1111001100111101001
1111001100111101010
1111001100111101011
1111001100111101100
1111001100111101101
1111001100111101110
1111001100111101111
1111001100111110000
1111001100111110001
1111001100111110010
1111001100111110011
1111001100111110100
1111001100111110101
1111001100111110110
1111001100111110111
1111001100111111000
1111001100111111001
1111001100111111010
1111001100111111011
1111001100111111100
1111001100111111101
1111001100111111110
1111001100111111111
1111001101000000000
1111001101000000001
1111001101000000010
1111001101000000011
1111001101000000100
1111001101000000101
1111001101000000110
1111001101000000111
1111001101000001000
1111001101000001001
1111001101000001010
1111001101000001011
1111001101000001100
1111001101000001101
1111001101000001110
1111001101000001111
1111001101000010000
1111001101000010001
1111001101000010010
1111001101000010011
1111001101000010100
1111001101000010101
1111001101000010110
1111001101000010111
1111001101000011000
1111001101000011001
1111001101000011010
1111001101000011011
1111001101000011100
1111001101000011101
1111001101000011110
1111001101000011111
1111001101000100000
1111001101000100001
1111001101000100010
1111001101000100011
1111001101000100100
1111001101000100101
1111001101000100110
1111001101000100111
1111001101000101000
1111001101000101001
1111001101000101010
1111001101000101011
1111001101000101100
1111001101000101101
1111001101000101110
1111001101000101111
1111001101000110000
1111001101000110001
1111001101000110010
1111001101000110011
1111001101000110100
1111001101000110101
1111001101000110110
1111001101000110111
1111001101000111000
1111001101000111001
1111001101000111010
1111001101000111011
1111001101000111100
1111001101000111101
1111001101000111110
1111001101000111111
1111001101001000000
1111001101001000001
1111001101001000010
1111001101001000011
1111001101001000100
1111001101001000101
1111001101001000110
1111001101001000111
1111001101001001000
1111001101001001001
1111001101001001010
1111001101001001011
1111001101001001100
1111001101001001101
1111001101001001110
1111001101001001111
1111001101001010000
1111001101001010001
1111001101001010010
1111001101001010011
1111001101001010100
1111001101001010101
1111001101001010110
1111001101001010111
1111001101001011000
1111001101001011001
1111001101001011010
1111001101001011011
1111001101001011100
1111001101001011101
1111001101001011110
1111001101001011111
1111001101001100000
1111001101001100001
1111001101001100010
1111001101001100011
1111001101001100100
1111001101001100101
1111001101001100110
1111001101001100111
1111001101001101000
1111001101001101001
1111001101001101010
1111001101001101011
1111001101001101100
1111001101001101101
1111001101001101110
1111001101001101111
1111001101001110000
1111001101001110001
1111001101001110010
1111001101001110011
1111001101001110100
1111001101001110101
1111001101001110110
1111001101001110111
1111001101001111000
1111001101001111001
1111001101001111010
1111001101001111011
1111001101001111100
1111001101001111101
1111001101001111110
1111001101001111111
1111001101010000000
1111001101010000001
1111001101010000010
1111001101010000011
1111001101010000100
1111001101010000101
1111001101010000110
1111001101010000111
1111001101010001000
1111001101010001001
1111001101010001010
1111001101010001011
1111001101010001100
1111001101010001101
1111001101010001110
1111001101010001111
1111001101010010000
1111001101010010001
1111001101010010010
1111001101010010011
1111001101010010100
1111001101010010101
1111001101010010110
1111001101010010111
1111001101010011000
1111001101010011001
1111001101010011010
1111001101010011011
1111001101010011100
1111001101010011101
1111001101010011110
1111001101010011111
1111001101010100000
1111001101010100001
1111001101010100010
1111001101010100011
1111001101010100100
1111001101010100101
1111001101010100110
1111001101010100111
1111001101010101000
1111001101010101001
1111001101010101010
1111001101010101011
1111001101010101100
1111001101010101101
1111001101010101110
1111001101010101111
1111001101010110000
1111001101010110001
1111001101010110010
1111001101010110011
1111001101010110100
1111001101010110101
1111001101010110110
1111001101010110111
1111001101010111000
1111001101010111001
1111001101010111010
1111001101010111011
1111001101010111100
1111001101010111101
1111001101010111110
1111001101010111111
1111001101011000000
1111001101011000001
1111001101011000010
1111001101011000011
1111001101011000100
1111001101011000101
1111001101011000110
1111001101011000111
1111001101011001000
1111001101011001001
1111001101011001010
1111001101011001011
1111001101011001100
1111001101011001101
1111001101011001110
1111001101011001111
1111001101011010000
1111001101011010001
1111001101011010010
1111001101011010011
1111001101011010100
1111001101011010101
1111001101011010110
1111001101011010111
1111001101011011000
1111001101011011001
1111001101011011010
1111001101011011011
1111001101011011100
1111001101011011101
1111001101011011110
1111001101011011111
1111001101011100000
1111001101011100001
1111001101011100010
1111001101011100011
1111001101011100100
1111001101011100101
1111001101011100110
1111001101011100111
1111001101011101000
1111001101011101001
1111001101011101010
1111001101011101011
1111001101011101100
1111001101011101101
1111001101011101110
1111001101011101111
1111001101011110000
1111001101011110001
1111001101011110010
1111001101011110011
1111001101011110100
1111001101011110101
1111001101011110110
1111001101011110111
1111001101011111000
1111001101011111001
1111001101011111010
1111001101011111011
1111001101011111100
1111001101011111101
1111001101011111110
1111001101011111111
1111001101100000000
1111001101100000001
1111001101100000010
1111001101100000011
1111001101100000100
1111001101100000101
1111001101100000110
1111001101100000111
1111001101100001000
1111001101100001001
1111001101100001010
1111001101100001011
1111001101100001100
1111001101100001101
1111001101100001110
1111001101100001111
1111001101100010000
1111001101100010001
1111001101100010010
1111001101100010011
1111001101100010100
1111001101100010101
1111001101100010110
1111001101100010111
1111001101100011000
1111001101100011001
1111001101100011010
1111001101100011011
1111001101100011100
1111001101100011101
1111001101100011110
1111001101100011111
1111001101100100000
1111001101100100001
1111001101100100010
1111001101100100011
1111001101100100100
1111001101100100101
1111001101100100110
1111001101100100111
1111001101100101000
1111001101100101001
1111001101100101010
1111001101100101011
1111001101100101100
1111001101100101101
1111001101100101110
1111001101100101111
1111001101100110000
1111001101100110001
1111001101100110010
1111001101100110011
1111001101100110100
1111001101100110101
1111001101100110110
1111001101100110111
1111001101100111000
1111001101100111001
1111001101100111010
1111001101100111011
1111001101100111100
1111001101100111101
1111001101100111110
1111001101100111111
1111001101101000000
1111001101101000001
1111001101101000010
1111001101101000011
1111001101101000100
1111001101101000101
1111001101101000110
1111001101101000111
1111001101101001000
1111001101101001001
1111001101101001010
1111001101101001011
1111001101101001100
1111001101101001101
1111001101101001110
1111001101101001111
1111001101101010000
1111001101101010001
1111001101101010010
1111001101101010011
1111001101101010100
1111001101101010101
1111001101101010110
1111001101101010111
1111001101101011000
1111001101101011001
1111001101101011010
1111001101101011011
1111001101101011100
1111001101101011101
1111001101101011110
1111001101101011111
1111001101101100000
1111001101101100001
1111001101101100010
1111001101101100011
1111001101101100100
1111001101101100101
1111001101101100110
1111001101101100111
1111001101101101000
1111001101101101001
1111001101101101010
1111001101101101011
1111001101101101100
1111001101101101101
1111001101101101110
1111001101101101111
1111001101101110000
1111001101101110001
1111001101101110010
1111001101101110011
1111001101101110100
1111001101101110101
1111001101101110110
1111001101101110111
1111001101101111000
1111001101101111001
1111001101101111010
1111001101101111011
1111001101101111100
1111001101101111101
1111001101101111110
1111001101101111111
1111001101110000000
1111001101110000001
1111001101110000010
1111001101110000011
1111001101110000100
1111001101110000101
1111001101110000110
1111001101110000111
1111001101110001000
1111001101110001001
1111001101110001010
1111001101110001011
1111001101110001100
1111001101110001101
1111001101110001110
1111001101110001111
1111001101110010000
1111001101110010001
1111001101110010010
1111001101110010011
1111001101110010100
1111001101110010101
1111001101110010110
1111001101110010111
1111001101110011000
1111001101110011001
1111001101110011010
1111001101110011011
1111001101110011100
1111001101110011101
1111001101110011110
1111001101110011111
1111001101110100000
1111001101110100001
1111001101110100010
1111001101110100011
1111001101110100100
1111001101110100101
1111001101110100110
1111001101110100111
1111001101110101000
1111001101110101001
1111001101110101010
1111001101110101011
1111001101110101100
1111001101110101101
1111001101110101110
1111001101110101111
1111001101110110000
1111001101110110001
1111001101110110010
1111001101110110011
1111001101110110100
1111001101110110101
1111001101110110110
1111001101110110111
1111001101110111000
1111001101110111001
1111001101110111010
1111001101110111011
1111001101110111100
1111001101110111101
1111001101110111110
1111001101110111111
1111001101111000000
1111001101111000001
1111001101111000010
1111001101111000011
1111001101111000100
1111001101111000101
1111001101111000110
1111001101111000111
1111001101111001000
1111001101111001001
1111001101111001010
1111001101111001011
1111001101111001100
1111001101111001101
1111001101111001110
1111001101111001111
1111001101111010000
1111001101111010001
1111001101111010010
1111001101111010011
1111001101111010100
1111001101111010101
1111001101111010110
1111001101111010111
1111001101111011000
1111001101111011001
1111001101111011010
1111001101111011011
1111001101111011100
1111001101111011101
1111001101111011110
1111001101111011111
1111001101111100000
1111001101111100001
1111001101111100010
1111001101111100011
1111001101111100100
1111001101111100101
1111001101111100110
1111001101111100111
1111001101111101000
1111001101111101001
1111001101111101010
1111001101111101011
1111001101111101100
1111001101111101101
1111001101111101110
1111001101111101111
1111001101111110000
1111001101111110001
1111001101111110010
1111001101111110011
1111001101111110100
1111001101111110101
1111001101111110110
1111001101111110111
1111001101111111000
1111001101111111001
1111001101111111010
1111001101111111011
1111001101111111100
1111001101111111101
1111001101111111110
1111001101111111111
1111001110000000000
1111001110000000001
1111001110000000010
1111001110000000011
1111001110000000100
1111001110000000101
1111001110000000110
1111001110000000111
1111001110000001000
1111001110000001001
1111001110000001010
1111001110000001011
1111001110000001100
1111001110000001101
1111001110000001110
1111001110000001111
1111001110000010000
1111001110000010001
1111001110000010010
1111001110000010011
1111001110000010100
1111001110000010101
1111001110000010110
1111001110000010111
1111001110000011000
1111001110000011001
1111001110000011010
1111001110000011011
1111001110000011100
1111001110000011101
1111001110000011110
1111001110000011111
1111001110000100000
1111001110000100001
1111001110000100010
1111001110000100011
1111001110000100100
1111001110000100101
1111001110000100110
1111001110000100111
1111001110000101000
1111001110000101001
1111001110000101010
1111001110000101011
1111001110000101100
1111001110000101101
1111001110000101110
1111001110000101111
1111001110000110000
1111001110000110001
1111001110000110010
1111001110000110011
1111001110000110100
1111001110000110101
1111001110000110110
1111001110000110111
1111001110000111000
1111001110000111001
1111001110000111010
1111001110000111011
1111001110000111100
1111001110000111101
1111001110000111110
1111001110000111111
1111001110001000000
1111001110001000001
1111001110001000010
1111001110001000011
1111001110001000100
1111001110001000101
1111001110001000110
1111001110001000111
1111001110001001000
1111001110001001001
1111001110001001010
1111001110001001011
1111001110001001100
1111001110001001101
1111001110001001110
1111001110001001111
1111001110001010000
1111001110001010001
1111001110001010010
1111001110001010011
1111001110001010100
1111001110001010101
1111001110001010110
1111001110001010111
1111001110001011000
1111001110001011001
1111001110001011010
1111001110001011011
1111001110001011100
1111001110001011101
1111001110001011110
1111001110001011111
1111001110001100000
1111001110001100001
1111001110001100010
1111001110001100011
1111001110001100100
1111001110001100101
1111001110001100110
1111001110001100111
1111001110001101000
1111001110001101001
1111001110001101010
1111001110001101011
1111001110001101100
1111001110001101101
1111001110001101110
1111001110001101111
1111001110001110000
1111001110001110001
1111001110001110010
1111001110001110011
1111001110001110100
1111001110001110101
1111001110001110110
1111001110001110111
1111001110001111000
1111001110001111001
1111001110001111010
1111001110001111011
1111001110001111100
1111001110001111101
1111001110001111110
1111001110001111111
1111001110010000000
1111001110010000001
1111001110010000010
1111001110010000011
1111001110010000100
1111001110010000101
1111001110010000110
1111001110010000111
1111001110010001000
1111001110010001001
1111001110010001010
1111001110010001011
1111001110010001100
1111001110010001101
1111001110010001110
1111001110010001111
1111001110010010000
1111001110010010001
1111001110010010010
1111001110010010011
1111001110010010100
1111001110010010101
1111001110010010110
1111001110010010111
1111001110010011000
1111001110010011001
1111001110010011010
1111001110010011011
1111001110010011100
1111001110010011101
1111001110010011110
1111001110010011111
1111001110010100000
1111001110010100001
1111001110010100010
1111001110010100011
1111001110010100100
1111001110010100101
1111001110010100110
1111001110010100111
1111001110010101000
1111001110010101001
1111001110010101010
1111001110010101011
1111001110010101100
1111001110010101101
1111001110010101110
1111001110010101111
1111001110010110000
1111001110010110001
1111001110010110010
1111001110010110011
1111001110010110100
1111001110010110101
1111001110010110110
1111001110010110111
1111001110010111000
1111001110010111001
1111001110010111010
1111001110010111011
1111001110010111100
1111001110010111101
1111001110010111110
1111001110010111111
1111001110011000000
1111001110011000001
1111001110011000010
1111001110011000011
1111001110011000100
1111001110011000101
1111001110011000110
1111001110011000111
1111001110011001000
1111001110011001001
1111001110011001010
1111001110011001011
1111001110011001100
1111001110011001101
1111001110011001110
1111001110011001111
1111001110011010000
1111001110011010001
1111001110011010010
1111001110011010011
1111001110011010100
1111001110011010101
1111001110011010110
1111001110011010111
1111001110011011000
1111001110011011001
1111001110011011010
1111001110011011011
1111001110011011100
1111001110011011101
1111001110011011110
1111001110011011111
1111001110011100000
1111001110011100001
1111001110011100010
1111001110011100011
1111001110011100100
1111001110011100101
1111001110011100110
1111001110011100111
1111001110011101000
1111001110011101001
1111001110011101010
1111001110011101011
1111001110011101100
1111001110011101101
1111001110011101110
1111001110011101111
1111001110011110000
1111001110011110001
1111001110011110010
1111001110011110011
1111001110011110100
1111001110011110101
1111001110011110110
1111001110011110111
1111001110011111000
1111001110011111001
1111001110011111010
1111001110011111011
1111001110011111100
1111001110011111101
1111001110011111110
1111001110011111111
1111001110100000000
1111001110100000001
1111001110100000010
1111001110100000011
1111001110100000100
1111001110100000101
1111001110100000110
1111001110100000111
1111001110100001000
1111001110100001001
1111001110100001010
1111001110100001011
1111001110100001100
1111001110100001101
1111001110100001110
1111001110100001111
1111001110100010000
1111001110100010001
1111001110100010010
1111001110100010011
1111001110100010100
1111001110100010101
1111001110100010110
1111001110100010111
1111001110100011000
1111001110100011001
1111001110100011010
1111001110100011011
1111001110100011100
1111001110100011101
1111001110100011110
1111001110100011111
1111001110100100000
1111001110100100001
1111001110100100010
1111001110100100011
1111001110100100100
1111001110100100101
1111001110100100110
1111001110100100111
1111001110100101000
1111001110100101001
1111001110100101010
1111001110100101011
1111001110100101100
1111001110100101101
1111001110100101110
1111001110100101111
1111001110100110000
1111001110100110001
1111001110100110010
1111001110100110011
1111001110100110100
1111001110100110101
1111001110100110110
1111001110100110111
1111001110100111000
1111001110100111001
1111001110100111010
1111001110100111011
1111001110100111100
1111001110100111101
1111001110100111110
1111001110100111111
1111001110101000000
1111001110101000001
1111001110101000010
1111001110101000011
1111001110101000100
1111001110101000101
1111001110101000110
1111001110101000111
1111001110101001000
1111001110101001001
1111001110101001010
1111001110101001011
1111001110101001100
1111001110101001101
1111001110101001110
1111001110101001111
1111001110101010000
1111001110101010001
1111001110101010010
1111001110101010011
1111001110101010100
1111001110101010101
1111001110101010110
1111001110101010111
1111001110101011000
1111001110101011001
1111001110101011010
1111001110101011011
1111001110101011100
1111001110101011101
1111001110101011110
1111001110101011111
1111001110101100000
1111001110101100001
1111001110101100010
1111001110101100011
1111001110101100100
1111001110101100101
1111001110101100110
1111001110101100111
1111001110101101000
1111001110101101001
1111001110101101010
1111001110101101011
1111001110101101100
1111001110101101101
1111001110101101110
1111001110101101111
1111001110101110000
1111001110101110001
1111001110101110010
1111001110101110011
1111001110101110100
1111001110101110101
1111001110101110110
1111001110101110111
1111001110101111000
1111001110101111001
1111001110101111010
1111001110101111011
1111001110101111100
1111001110101111101
1111001110101111110
1111001110101111111
1111001110110000000
1111001110110000001
1111001110110000010
1111001110110000011
1111001110110000100
1111001110110000101
1111001110110000110
1111001110110000111
1111001110110001000
1111001110110001001
1111001110110001010
1111001110110001011
1111001110110001100
1111001110110001101
1111001110110001110
1111001110110001111
1111001110110010000
1111001110110010001
1111001110110010010
1111001110110010011
1111001110110010100
1111001110110010101
1111001110110010110
1111001110110010111
1111001110110011000
1111001110110011001
1111001110110011010
1111001110110011011
1111001110110011100
1111001110110011101
1111001110110011110
1111001110110011111
1111001110110100000
1111001110110100001
1111001110110100010
1111001110110100011
1111001110110100100
1111001110110100101
1111001110110100110
1111001110110100111
1111001110110101000
1111001110110101001
1111001110110101010
1111001110110101011
1111001110110101100
1111001110110101101
1111001110110101110
1111001110110101111
1111001110110110000
1111001110110110001
1111001110110110010
1111001110110110011
1111001110110110100
1111001110110110101
1111001110110110110
1111001110110110111
1111001110110111000
1111001110110111001
1111001110110111010
1111001110110111011
1111001110110111100
1111001110110111101
1111001110110111110
1111001110110111111
1111001110111000000
1111001110111000001
1111001110111000010
1111001110111000011
1111001110111000100
1111001110111000101
1111001110111000110
1111001110111000111
1111001110111001000
1111001110111001001
1111001110111001010
1111001110111001011
1111001110111001100
1111001110111001101
1111001110111001110
1111001110111001111
1111001110111010000
1111001110111010001
1111001110111010010
1111001110111010011
1111001110111010100
1111001110111010101
1111001110111010110
1111001110111010111
1111001110111011000
1111001110111011001
1111001110111011010
1111001110111011011
1111001110111011100
1111001110111011101
1111001110111011110
1111001110111011111
1111001110111100000
1111001110111100001
1111001110111100010
1111001110111100011
1111001110111100100
1111001110111100101
1111001110111100110
1111001110111100111
1111001110111101000
1111001110111101001
1111001110111101010
1111001110111101011
1111001110111101100
1111001110111101101
1111001110111101110
1111001110111101111
1111001110111110000
1111001110111110001
1111001110111110010
1111001110111110011
1111001110111110100
1111001110111110101
1111001110111110110
1111001110111110111
1111001110111111000
1111001110111111001
1111001110111111010
1111001110111111011
1111001110111111100
1111001110111111101
1111001110111111110
1111001110111111111
1111001111000000000
1111001111000000001
1111001111000000010
1111001111000000011
1111001111000000100
1111001111000000101
1111001111000000110
1111001111000000111
1111001111000001000
1111001111000001001
1111001111000001010
1111001111000001011
1111001111000001100
1111001111000001101
1111001111000001110
1111001111000001111
1111001111000010000
1111001111000010001
1111001111000010010
1111001111000010011
1111001111000010100
1111001111000010101
1111001111000010110
1111001111000010111
1111001111000011000
1111001111000011001
1111001111000011010
1111001111000011011
1111001111000011100
1111001111000011101
1111001111000011110
1111001111000011111
1111001111000100000
1111001111000100001
1111001111000100010
1111001111000100011
1111001111000100100
1111001111000100101
1111001111000100110
1111001111000100111
1111001111000101000
1111001111000101001
1111001111000101010
1111001111000101011
1111001111000101100
1111001111000101101
1111001111000101110
1111001111000101111
1111001111000110000
1111001111000110001
1111001111000110010
1111001111000110011
1111001111000110100
1111001111000110101
1111001111000110110
1111001111000110111
1111001111000111000
1111001111000111001
1111001111000111010
1111001111000111011
1111001111000111100
1111001111000111101
1111001111000111110
1111001111000111111
1111001111001000000
1111001111001000001
1111001111001000010
1111001111001000011
1111001111001000100
1111001111001000101
1111001111001000110
1111001111001000111
1111001111001001000
1111001111001001001
1111001111001001010
1111001111001001011
1111001111001001100
1111001111001001101
1111001111001001110
1111001111001001111
1111001111001010000
1111001111001010001
1111001111001010010
1111001111001010011
1111001111001010100
1111001111001010101
1111001111001010110
1111001111001010111
1111001111001011000
1111001111001011001
1111001111001011010
1111001111001011011
1111001111001011100
1111001111001011101
1111001111001011110
1111001111001011111
1111001111001100000
1111001111001100001
1111001111001100010
1111001111001100011
1111001111001100100
1111001111001100101
1111001111001100110
1111001111001100111
1111001111001101000
1111001111001101001
1111001111001101010
1111001111001101011
1111001111001101100
1111001111001101101
1111001111001101110
1111001111001101111
1111001111001110000
1111001111001110001
1111001111001110010
1111001111001110011
1111001111001110100
1111001111001110101
1111001111001110110
1111001111001110111
1111001111001111000
1111001111001111001
1111001111001111010
1111001111001111011
1111001111001111100
1111001111001111101
1111001111001111110
1111001111001111111
1111001111010000000
1111001111010000001
1111001111010000010
1111001111010000011
1111001111010000100
1111001111010000101
1111001111010000110
1111001111010000111
1111001111010001000
1111001111010001001
1111001111010001010
1111001111010001011
1111001111010001100
1111001111010001101
1111001111010001110
1111001111010001111
1111001111010010000
1111001111010010001
1111001111010010010
1111001111010010011
1111001111010010100
1111001111010010101
1111001111010010110
1111001111010010111
1111001111010011000
1111001111010011001
1111001111010011010
1111001111010011011
1111001111010011100
1111001111010011101
1111001111010011110
1111001111010011111
1111001111010100000
1111001111010100001
1111001111010100010
1111001111010100011
1111001111010100100
1111001111010100101
1111001111010100110
1111001111010100111
1111001111010101000
1111001111010101001
1111001111010101010
1111001111010101011
1111001111010101100
1111001111010101101
1111001111010101110
1111001111010101111
1111001111010110000
1111001111010110001
1111001111010110010
1111001111010110011
1111001111010110100
1111001111010110101
1111001111010110110
1111001111010110111
1111001111010111000
1111001111010111001
1111001111010111010
1111001111010111011
1111001111010111100
1111001111010111101
1111001111010111110
1111001111010111111
1111001111011000000
1111001111011000001
1111001111011000010
1111001111011000011
1111001111011000100
1111001111011000101
1111001111011000110
1111001111011000111
1111001111011001000
1111001111011001001
1111001111011001010
1111001111011001011
1111001111011001100
1111001111011001101
1111001111011001110
1111001111011001111
1111001111011010000
1111001111011010001
1111001111011010010
1111001111011010011
1111001111011010100
1111001111011010101
1111001111011010110
1111001111011010111
1111001111011011000
1111001111011011001
1111001111011011010
1111001111011011011
1111001111011011100
1111001111011011101
1111001111011011110
1111001111011011111
1111001111011100000
1111001111011100001
1111001111011100010
1111001111011100011
1111001111011100100
1111001111011100101
1111001111011100110
1111001111011100111
1111001111011101000
1111001111011101001
1111001111011101010
1111001111011101011
1111001111011101100
1111001111011101101
1111001111011101110
1111001111011101111
1111001111011110000
1111001111011110001
1111001111011110010
1111001111011110011
1111001111011110100
1111001111011110101
1111001111011110110
1111001111011110111
1111001111011111000
1111001111011111001
1111001111011111010
1111001111011111011
1111001111011111100
1111001111011111101
1111001111011111110
1111001111011111111
1111001111100000000
1111001111100000001
1111001111100000010
1111001111100000011
1111001111100000100
1111001111100000101
1111001111100000110
1111001111100000111
1111001111100001000
1111001111100001001
1111001111100001010
1111001111100001011
1111001111100001100
1111001111100001101
1111001111100001110
1111001111100001111
1111001111100010000
1111001111100010001
1111001111100010010
1111001111100010011
1111001111100010100
1111001111100010101
1111001111100010110
1111001111100010111
1111001111100011000
1111001111100011001
1111001111100011010
1111001111100011011
1111001111100011100
1111001111100011101
1111001111100011110
1111001111100011111
1111001111100100000
1111001111100100001
1111001111100100010
1111001111100100011
1111001111100100100
1111001111100100101
1111001111100100110
1111001111100100111
1111001111100101000
1111001111100101001
1111001111100101010
1111001111100101011
1111001111100101100
1111001111100101101
1111001111100101110
1111001111100101111
1111001111100110000
1111001111100110001
1111001111100110010
1111001111100110011
1111001111100110100
1111001111100110101
1111001111100110110
1111001111100110111
1111001111100111000
1111001111100111001
1111001111100111010
1111001111100111011
1111001111100111100
1111001111100111101
1111001111100111110
1111001111100111111
1111001111101000000
1111001111101000001
1111001111101000010
1111001111101000011
1111001111101000100
1111001111101000101
1111001111101000110
1111001111101000111
1111001111101001000
1111001111101001001
1111001111101001010
1111001111101001011
1111001111101001100
1111001111101001101
1111001111101001110
1111001111101001111
1111001111101010000
1111001111101010001
1111001111101010010
1111001111101010011
1111001111101010100
1111001111101010101
1111001111101010110
1111001111101010111
1111001111101011000
1111001111101011001
1111001111101011010
1111001111101011011
1111001111101011100
1111001111101011101
1111001111101011110
1111001111101011111
1111001111101100000
1111001111101100001
1111001111101100010
1111001111101100011
1111001111101100100
1111001111101100101
1111001111101100110
1111001111101100111
1111001111101101000
1111001111101101001
1111001111101101010
1111001111101101011
1111001111101101100
1111001111101101101
1111001111101101110
1111001111101101111
1111001111101110000
1111001111101110001
1111001111101110010
1111001111101110011
1111001111101110100
1111001111101110101
1111001111101110110
1111001111101110111
1111001111101111000
1111001111101111001
1111001111101111010
1111001111101111011
1111001111101111100
1111001111101111101
1111001111101111110
1111001111101111111
1111001111110000000
1111001111110000001
1111001111110000010
1111001111110000011
1111001111110000100
1111001111110000101
1111001111110000110
1111001111110000111
1111001111110001000
1111001111110001001
1111001111110001010
1111001111110001011
1111001111110001100
1111001111110001101
1111001111110001110
1111001111110001111
1111001111110010000
1111001111110010001
1111001111110010010
1111001111110010011
1111001111110010100
1111001111110010101
1111001111110010110
1111001111110010111
1111001111110011000
1111001111110011001
1111001111110011010
1111001111110011011
1111001111110011100
1111001111110011101
1111001111110011110
1111001111110011111
1111001111110100000
1111001111110100001
1111001111110100010
1111001111110100011
1111001111110100100
1111001111110100101
1111001111110100110
1111001111110100111
1111001111110101000
1111001111110101001
1111001111110101010
1111001111110101011
1111001111110101100
1111001111110101101
1111001111110101110
1111001111110101111
1111001111110110000
1111001111110110001
1111001111110110010
1111001111110110011
1111001111110110100
1111001111110110101
1111001111110110110
1111001111110110111
1111001111110111000
1111001111110111001
1111001111110111010
1111001111110111011
1111001111110111100
1111001111110111101
1111001111110111110
1111001111110111111
1111001111111000000
1111001111111000001
1111001111111000010
1111001111111000011
1111001111111000100
1111001111111000101
1111001111111000110
1111001111111000111
1111001111111001000
1111001111111001001
1111001111111001010
1111001111111001011
1111001111111001100
1111001111111001101
1111001111111001110
1111001111111001111
1111001111111010000
1111001111111010001
1111001111111010010
1111001111111010011
1111001111111010100
1111001111111010101
1111001111111010110
1111001111111010111
1111001111111011000
1111001111111011001
1111001111111011010
1111001111111011011
1111001111111011100
1111001111111011101
1111001111111011110
1111001111111011111
1111001111111100000
1111001111111100001
1111001111111100010
1111001111111100011
1111001111111100100
1111001111111100101
1111001111111100110
1111001111111100111
1111001111111101000
1111001111111101001
1111001111111101010
1111001111111101011
1111001111111101100
1111001111111101101
1111001111111101110
1111001111111101111
1111001111111110000
1111001111111110001
1111001111111110010
1111001111111110011
1111001111111110100
1111001111111110101
1111001111111110110
1111001111111110111
1111001111111111000
1111001111111111001
1111001111111111010
1111001111111111011
1111001111111111100
1111001111111111101
1111001111111111110
1111001111111111111
1111000100010011001
